# Created by Octave 6.1.0, Thu Jan 07 23:04:48 2021 GMT <unknown@DESKTOP-13OMR8A>
# name: V
# type: matrix
# rows: 10
# columns: 1
 3999
 3299
 3690
 2320
 5399
 2999
 3149
 1989
 2120
 2425


